         1     -0.829108243814
         2     -0.811520308414
         3     -0.803627375763
         4     -0.781004963292
         5     -0.778357477148
         6     -0.769299496923
         7     -0.761715367026
         8     -0.756822800453
         9     -0.753914338739
        10     -0.749168900873
        11     -0.746122047828
        12     -0.722393488690
        13     -0.715187630847
        14     -0.711889629998
        15     -0.710445971753
        16     -0.686681257178
        17     -0.682150273665
        18     -0.661512974630
        19     -0.657034589733
        20     -0.653377331278
        21     -0.651582544223
        22     -0.646940565576
        23     -0.646161270873
        24     -0.638081722170
        25     -0.636970516774
        26     -0.635529860328
        27     -0.630159151071
        28     -0.616300361695
        29     -0.609673547151
        30     -0.606530044863
        31     -0.601573057254
        32     -0.596844794621
        33     -0.593206981052
        34     -0.575746318332
        35     -0.571568439488
        36     -0.565923083750
        37     -0.564380504247
        38     -0.560549580835
        39     -0.557485327316
        40     -0.555401016362
        41     -0.550668344260
        42     -0.540782329832
        43     -0.522353695348
        44     -0.520896234834
        45     -0.515810346984
        46     -0.513673953469
        47     -0.511451102147
        48     -0.504081864749
        49     -0.503294975674
        50     -0.492480526419
        51     -0.445217850652
        52     -0.440533877030
        53     -0.435979784021
        54     -0.433963188692
        55     -0.431727253870
        56     -0.430287798455
        57     -0.429152915073
        58     -0.424713435383
        59     -0.420770811604
        60     -0.419161783313
        61     -0.413964070368
        62     -0.409908912427
        63     -0.406033057943
        64     -0.391766933178
        65     -0.385719473089
        66     -0.381957927771
        67     -0.379687673574
        68     -0.376570903274
        69     -0.376124193352
        70     -0.374597663206
        71     -0.374010117795
        72     -0.371602133479
        73     -0.366972204610
        74     -0.347895930779
        75     -0.344922585144
        76     -0.341153132023
        77     -0.337283955879
        78     -0.335368194015
        79     -0.331445611826
        80     -0.329152070910
        81     -0.326834640271
        82     -0.321813327425
        83     -0.319326753178
        84     -0.318929709963
        85     -0.317451487023
        86     -0.315552680831
        87     -0.314208581752
        88     -0.312609276726
        89     -0.308262021019
        90     -0.306176467757
        91     -0.304662408517
        92     -0.302222264824
        93     -0.300616731618
        94     -0.297446453901
        95     -0.296008400904
        96     -0.295297669142
        97     -0.292041656685
        98     -0.287872989698
        99     -0.286462737937
       100     -0.283897896475
       101     -0.283214774673
       102     -0.279198526275
       103     -0.278519659476
       104     -0.276000818792
       105     -0.271359797189
       106     -0.269854655802
       107     -0.268621657428
       108     -0.266383017327
       109     -0.265410099387
       110     -0.263355985767
       111     -0.261485315537
       112     -0.258511690581
       113     -0.258217149864
       114     -0.256230124215
       115     -0.254345184405
       116     -0.252122424001
       117     -0.251419040909
       118     -0.250473385832
       119     -0.249557290450
       120     -0.246894281527
       121     -0.246247863000
       122     -0.243338119935
       123     -0.231430696911
       124     -0.229933781410
       125     -0.227935236861
       126     -0.220900252568
       127     -0.219365454466
       128     -0.218079333086
       129     -0.216420519995
       130     -0.213961483584
       131     -0.210910160547
       132     -0.209484188177
       133     -0.205574147538
       134     -0.201022066881
       135     -0.197224768143
       136     -0.193978204693
       137     -0.188077671472
       138     -0.185863471330
       139     -0.184688081912
       140     -0.182887361061
       141     -0.180476273591
       142     -0.175663011703
       143     -0.174483127553
       144     -0.174149676727
       145     -0.167183966089
       146     -0.163888394679
       147     -0.156586791462
       148     -0.138587305939
       149     -0.131820717469
       150     -0.117386841265
       151     -0.054122147664
       152     -0.052987204803
       153     -0.046127653931
       154     -0.041544888289
       155     -0.040141750225
       156     -0.035378269649
       157     -0.035131304684
       158     -0.034010015752
       159     -0.030703352308
       160     -0.029399475702
       161     -0.028207038524
       162     -0.014053901789
       163     -0.012151933763
       164     -0.009789276723
       165     -0.009378913449
       166      0.004462156608
       167      0.005437206260
       168      0.018025141611
       169      0.020933854711
       170      0.022515805684
       171      0.023014695294
       172      0.024490051836
       173      0.024857251870
       174      0.026055915035
       175      0.026696926489
       176      0.027972658492
       177      0.028913961374
       178      0.038302563061
       179      0.040346733981
       180      0.041251266637
       181      0.043429357431
       182      0.048720441111
       183      0.050654921831
       184      0.061432329270
       185      0.063069557630
       186      0.063997948707
       187      0.064849001918
       188      0.068574228122
       189      0.069596422772
       190      0.070771530937
       191      0.072718316880
       192      0.075827851344
       193      0.088111381173
       194      0.088280312057
       195      0.089984630462
       196      0.091740717666
       197      0.098872234158
       198      0.100958655277
       199      0.103660016404
       200      0.106313480153
       201      0.160120734683
       202      0.164063694503
       203      0.170608371891
       204      0.173304799473
       205      0.173744397528
       206      0.175456963522
       207      0.178837926762
       208      0.180387004207
       209      0.196226808828
       210      0.196604610363
       211      0.197981168458
       212      0.199591019937
       213      0.200148538092
       214      0.201323615082
       215      0.202140670324
       216      0.202943583507
       217      0.204159228175
       218      0.215610557842
       219      0.220002131540
       220      0.220711433267
       221      0.221840028633
       222      0.222694244436
       223      0.224241151764
       224      0.229709832131
       225      0.232952969480
       226      0.234787731446
       227      0.235932943007
       228      0.239188027976
       229      0.240312188824
       230      0.242150813450
       231      0.243348787804
       232      0.244034171736
       233      0.244787643880
       234      0.261814429159
       235      0.264685633534
       236      0.270597334238
       237      0.271848228566
       238      0.274446649400
       239      0.275406998197
       240      0.285965965013
       241      0.286425424330
       242      0.289765071538
       243      0.294498459387
       244      0.295553175465
       245      0.295970248743
       246      0.298188754138
       247      0.299526437642
       248      0.305100213628
       249      0.314902784295
       250      0.316339284507
       251      0.389624014518
       252      0.403330538767
       253      0.408118049225
       254      0.416062660842
       255      0.417736196042
       256      0.419733640879
       257      0.423515105883
       258      0.425789472261
       259      0.427358203779
       260      0.428927907817
       261      0.433203601542
       262      0.434363815037
       263      0.435433270996
       264      0.437794756775
       265      0.439479454837
       266      0.440798416956
       267      0.442387305250
       268      0.443453280016
       269      0.444934154798
       270      0.448344503504
       271      0.448697789941
       272      0.449602815183
       273      0.450473167455
       274      0.452151701361
       275      0.453782250547
       276      0.455499747428
       277      0.456927639216
       278      0.457234839822
       279      0.459143532459
       280      0.459753034238
       281      0.460568975701
       282      0.461298106995
       283      0.462569469436
       284      0.463630829974
       285      0.465017560009
       286      0.466614380400
       287      0.467408144964
       288      0.467891774029
       289      0.468864695116
       290      0.469061854756
       291      0.469950612676
       292      0.471673557803
       293      0.473053165540
       294      0.473418780262
       295      0.474317516822
       296      0.475498268493
       297      0.476057543673
       298      0.476758668782
       299      0.478819848691
       300      0.480337364986
       301      0.481640560314
       302      0.482029820047
       303      0.482986004516
       304      0.484818640449
       305      0.485790575400
       306      0.487177568450
       307      0.488869154630
       308      0.490047616279
       309      0.490267933806
       310      0.492446155970
       311      0.493401069947
       312      0.494371619899
       313      0.494841529639
       314      0.495708246872
       315      0.495966867448
       316      0.496873970264
       317      0.498870893503
       318      0.499491542682
       319      0.501573001556
       320      0.502439125876
       321      0.503217191912
       322      0.505294793638
       323      0.507459484270
       324      0.508252608516
       325      0.509548708038
       326      0.510888258431
       327      0.512747187987
       328      0.513841527907
       329      0.514572746186
       330      0.515160120592
       331      0.516394025790
       332      0.517622956250
       333      0.519508025275
       334      0.521232394046
       335      0.522664708571
       336      0.525505398041
       337      0.526327118989
       338      0.528016138034
       339      0.529391025258
       340      0.532238351979
       341      0.534286023797
       342      0.536127820905
       343      0.536302478457
       344      0.538604955797
       345      0.541000686635
       346      0.542402668104
       347      0.546851239456
       348      0.548440853703
       349      0.550223522390
       350      0.550954872245
       351      0.553572580527
       352      0.554478901127
       353      0.557676711783
       354      0.558416090971
       355      0.560477544219
       356      0.561430454211
       357      0.563508439213
       358      0.564866205223
       359      0.566023878262
       360      0.567205090193
       361      0.567632816163
       362      0.568552622878
       363      0.571498383453
       364      0.572868213709
       365      0.574650664262
       366      0.575772204953
       367      0.577285956624
       368      0.578391033742
       369      0.580279595766
       370      0.582047267681
       371      0.582709588924
       372      0.582925440528
       373      0.584827308010
       374      0.586215912108
       375      0.586971525359
       376      0.587359639070
       377      0.587637693448
       378      0.589638855221
       379      0.590922558414
       380      0.593075846546
       381      0.593348292280
       382      0.594952699245
       383      0.596298611544
       384      0.598707367702
       385      0.599138104972
       386      0.600483251087
       387      0.602547190257
       388      0.603870611458
       389      0.606268628664
       390      0.607422668385
       391      0.609164469407
       392      0.611395975695
       393      0.613660042809
       394      0.616213515186
       395      0.617901072215
       396      0.619409207642
       397      0.622633599059
       398      0.624253685443
       399      0.631741909794
       400      0.633032264965
