       1   -0.1121921212197622E+001
       2   -0.1017418201032544E+001
       3   -0.1017418196643394E+001
       4   -0.8182668746549214E+000
       5   -0.8182668654714298E+000
       6   -0.7170739041981953E+000
       7   -0.6490107270321541E+000
       8   -0.6007738099688593E+000
       9   -0.6007737983369394E+000
      10   -0.5639590610608443E+000
      11   -0.5571580069631704E+000
      12   -0.5333676390672971E+000
      13   -0.5333676284455288E+000
      14   -0.4894566416276655E+000
      15   -0.4894566383558782E+000
      16   -0.2807388734333188E+000
      17   -0.2807388690181454E+000
      18   -0.1055941394023518E+000
      19    0.2521419505737947E+000
      20    0.2521420282579674E+000
      21    0.6417002529665983E+000
      22    0.6628299573222463E+000
      23    0.6628300309113330E+000
      24    0.7194455837188949E+000
      25    0.9123427744662430E+000
      26    0.1491444953409098E+001
      27    0.1491445187093140E+001
      28    0.1858618984332749E+001
      29    0.1858619106372494E+001
      30    0.2514356895665935E+001
