       1    0.3649160625490714E-001
       2    0.6350585316640200E-001
       3    0.6352362584011254E-001
       4    0.3212680994099996E-001
       5    0.3124872920678222E-001
       6    0.3171609148965014E-001
       7    0.1849522326493785E-001
       8    0.4339234503061447E-001
       9    0.4873071108257165E-001
      10    0.5450636605556872E-001
      11    0.6850119980103314E-001
      12    0.7234686203537995E-001
      13    0.7306800379523361E-001
      14    0.1756437860569818E+000
      15    0.1756437911780428E+000
      16    0.4545311152841042E+000
      17    0.4545311182683402E+000
      18    0.5114666864060593E+000
      19    0.6480889663249877E+000
      20    0.6480342997386005E+000
      21    0.5674196768625753E+000
      22    0.1523897463532640E+001
      23    0.1151796361987057E+001
      24    0.1986001552302430E+001
      25    0.1019708955044049E+001
      26    0.1216860876693582E+001
      27    0.1491576509031499E+001
      28    0.2789142715169452E+001
      29    0.2736193626194371E+001
      30    0.3000678841697826E+001
