         1     -1.121921212198
         2     -1.017418201033
         3     -1.017418196643
         4     -0.818266874655
         5     -0.818266865471
         6     -0.717073904198
         7     -0.649010727032
         8     -0.600773809969
         9     -0.600773798337
        10     -0.563959061061
        11     -0.557158006963
        12     -0.533367639067
        13     -0.533367628446
        14     -0.489456641628
        15     -0.489456638356
        16     -0.280738873433
        17     -0.280738869018
        18     -0.105594139402
        19      0.252141950574
        20      0.252142028258
        21      0.641700252967
        22      0.662829957322
        23      0.662830030911
        24      0.719445583719
        25      0.912342774466
        26      1.491444953409
        27      1.491445187093
        28      1.858618984333
        29      1.858619106372
        30      2.514356895666
